0.18311086666666665
0.29582506666666647
0.3392630999999999
0.5519988999999997
0.6310533000000002
0.7856674333333326
0.9444798999999998
1.0816337333333312
1.293337900000002
1.5400089000000037
1.711941900000004
1.9557558333333322
2.1907565999999954
2.5377226000000044
2.136226399999998
3.015385366666673
2.6829085999999998
2.8880651666666686
4.575031999999983
3.971113566666645
5.03633506666669
4.533245300000014
4.738014300000013
5.658416700000032
6.116822366666686
7.614304533333363
6.062988433333317
8.418335733333302
6.572722700000024
7.361810633333373
9.227161766666654
10.084919566666713
9.73033630000009
13.660922466666685
12.978180133333353
16.24206639999996
10.95325373333329
13.365945866666607
18.33023773333336
19.6072912333334
