0.00968086666666664
0.029773933333333336
0.023927366666666616
0.031491466666666725
0.03768230000000002
0.04775603333333341
0.07147963333333325
0.06477950000000006
0.050793099999999924
0.060713533333333146
0.060501166666666606
0.08308113333333307
0.07729893333333344
0.10353739999999927
0.0910534666666661
0.09817393333333395
0.10189863333333331
0.10852876666666648
0.11590863333333286
0.11328856666666631
0.12103043333333297
0.13281459999999967
0.13922980000000015
0.1535242333333322
0.15632136666666696
0.16840980000000036
0.17975709999999978
0.18839126666666792
0.1812951999999998
0.23518136666666814
0.19107796666666607
0.2025861666666652
0.20884593333333376
0.2199151666666642
0.2252668666666698
0.259984333333333
0.24884636666666657
0.2902613333333335
0.28879376666666445
0.29237893333333415
0.2573440666666684
0.30914449999999977
0.2865837999999978
0.2666620666666641
0.29335139999999643
0.36984169999999966
0.3918226000000023
0.3147203000000047
0.37400016666667096
0.42448893333333615
0.33419079999999707
0.3493081333333284
0.4276652999999963
0.38045103333333447
0.36362436666666537
0.394333199999996
0.4768120999999989
0.4046377666666672
0.4154743666666671
0.4168051666666675
0.41721689999999495
0.3985555999999993
0.5102734666666796
0.39858790000000494
0.3967747333333402
0.5140164000000027
0.43167393333333354
0.5662091333333308
0.4712044333333362
0.4497820333333304
0.47044199999999137
0.5056202333333317
0.5365195333333285
0.5420002333333306
0.5265983333333301
0.48465093333333203
0.5058179666666547
0.5158467333333382
0.5346638333333354
0.5341094666666683
0.5404696666666761
0.6929959333333405
0.5379769666666618
0.7702250999999952
0.5855511666666663
0.6136417333333478
0.5838068999999942
0.5990082000000143
0.5735149666666643
0.6511198333333255
0.5788240333333382
0.5940352000000075
0.6689743999999868
0.6855517333333031
0.6452047000000031
0.7530363333333412
0.6333384666667143
0.7456765666666835
0.6397291666666737
