0.5886785666666667
0.8662526666666662
1.2894051333333332
1.6452168666666658
2.0045777666666673
2.500791300000001
3.006990333333333
3.5061217999999976
4.1627391000000005
4.8005215666666645
5.466139800000003
6.263348899999997
6.982688866666659
7.739365200000009
8.018222933333334
9.799686766666667
9.361952900000006
11.214124933333343
13.094492899999997
17.24133039999998
15.079601333333338
16.653134299999994
17.049537500000024
18.61250396666672
21.329731866666673
23.292550600000027
21.813401633333303
24.70868489999998
23.554528166666653
27.193275933333364
31.35520903333334
32.77714600000013
33.84813596666678
41.89510949999991
41.84734956666671
44.96490739999998
37.09691233333327
44.96525739999993
53.791137100000164
54.3456552666668
