0.031196433333333367
0.0838968999999999
0.07726969999999993
0.1033091
0.12763780000000002
0.15457806666666674
0.20880986666666676
0.22486763333333334
0.19438246666666656
0.21532503333333342
0.23427239999999974
0.27297396666666646
0.29308316666666673
0.3280237666666661
0.32907379999999975
0.3474305000000009
0.3680865999999998
0.38759530000000036
0.40377213333333256
0.4213247333333327
0.4392779666666655
0.4745165000000012
0.49583543333333324
0.5498119000000005
0.570557066666666
0.6017737666666664
0.5989038333333335
0.620742200000001
0.6908613999999993
0.7060030666666677
0.6714484666666678
0.6867927333333318
0.7133448333333353
0.7459726999999958
0.7758483666666672
0.8265333333333326
0.8389442999999991
0.9037433333333335
0.9237963666666668
0.9068195333333335
0.9240417333333374
0.9462081333333359
0.9316984333333286
0.9411428666666618
1.040114566666664
1.127915699999998
1.1560084333333407
1.067314866666668
1.198914300000003
1.1768620666666625
1.1209806333333319
1.179516099999996
1.2319191999999977
1.2956871999999986
1.2329607333333332
1.357303266666662
1.3799152333333353
1.377254533333333
1.3530819000000018
1.3568219
1.333777766666671
1.3293056333333293
1.531415833333341
1.344274866666666
1.3913150666666638
1.5845588333333278
1.4504227333333404
1.6704538666666717
1.4972591666666706
1.5967932333333295
1.5569339666666526
1.6274129333333178
1.652187599999981
1.6454351999999897
1.6917111333333328
1.6453518333333268
1.6761648333333123
1.713355466666665
1.7506620333333462
1.7705673333333227
1.802883866666671
1.9451942666666753
1.867280266666673
2.090432299999994
2.0256303666666704
2.004878766666669
1.9811481666666662
1.9768305000000244
1.9253034333333214
2.042391233333319
2.033197566666672
2.040194800000014
2.0750692333333327
2.177564033333302
2.087062600000005
2.3723884666666777
2.2064243333333784
2.2579562333333647
2.2077740999999946
